47 5 
   0          4    1  7.000000e-01  5.000000e-01  1.000000e+00  0.000000e+00  0.000000e+00  0.000000e+00 
   1         14    1  1.900000e+00  6.000000e-01  1.000000e+00  0.000000e+00  0.000000e+00  0.000000e+00 
   2         18    1  1.000000e+00  1.300000e+00  1.000000e+00  0.000000e+00  0.000000e+00  0.000000e+00 
   3         19    1  1.200000e+00  2.200000e+00  1.000000e+00  0.000000e+00  0.000000e+00  0.000000e+00 
   4         20    1  7.000000e-01  3.300000e+00  1.000000e+00  0.000000e+00  0.000000e+00  0.000000e+00 
   5        123    1  1.700000e+00  3.400000e+00  1.000000e+00  0.000000e+00  0.000000e+00  0.000000e+00 
   6        143    1  2.500000e+00  4.000000e+00  1.000000e+00  0.000000e+00  0.000000e+00  0.000000e+00 
   7        142    1  3.500000e+00  4.500000e+00  1.000000e+00  0.000000e+00  0.000000e+00  0.000000e+00 
   8        141    1  4.200000e+00  3.800000e+00  1.000000e+00  0.000000e+00  0.000000e+00  0.000000e+00 
   9        145    1  5.200000e+00  3.300000e+00  1.000000e+00  0.000000e+00  0.000000e+00  0.000000e+00 
  10        146    1  6.200000e+00  3.900000e+00  1.000000e+00  0.000000e+00  0.000000e+00  0.000000e+00 
  11        147    1  7.000000e+00  4.400000e+00  1.000000e+00  0.000000e+00  0.000000e+00  0.000000e+00 
  12        148    1  7.200000e+00  4.200000e+00  1.000000e+00  0.000000e+00  0.000000e+00  0.000000e+00 
  13        149    2  4.600000e+00  8.200000e+00  1.000000e+00  0.000000e+00  0.000000e+00  0.000000e+00 
  14         31    2  5.400000e+00  7.900000e+00  1.000000e+00  0.000000e+00  0.000000e+00  0.000000e+00 
  15         41    2  6.200000e+00  8.000000e+00  1.000000e+00  0.000000e+00  0.000000e+00  0.000000e+00 
  16         32    2  7.000000e+00  7.700000e+00  1.000000e+00  0.000000e+00  0.000000e+00  0.000000e+00 
  17         42    2  8.000000e+00  7.500000e+00  1.000000e+00  0.000000e+00  0.000000e+00  0.000000e+00 
  18         33    2  8.400000e+00  8.400000e+00  1.000000e+00  0.000000e+00  0.000000e+00  0.000000e+00 
  19         43    2  6.200000e+00  8.500000e+00  1.000000e+00  0.000000e+00  0.000000e+00  0.000000e+00 
  20         34    2  6.100000e+00  9.500000e+00  1.000000e+00  0.000000e+00  0.000000e+00  0.000000e+00 
  21         44    2  5.500000e+00  9.800000e+00  1.000000e+00  0.000000e+00  0.000000e+00  0.000000e+00 
  22         35    2  4.900000e+00  1.000000e+01  1.000000e+00  0.000000e+00  0.000000e+00  0.000000e+00 
  23         45    2  5.800000e+00  1.030000e+01  1.000000e+00  0.000000e+00  0.000000e+00  0.000000e+00 
  24         36    2  4.300000e+00  1.080000e+01  1.000000e+00  0.000000e+00  0.000000e+00  0.000000e+00 
  25         46    2  5.000000e+00  1.150000e+01  1.000000e+00  0.000000e+00  0.000000e+00  0.000000e+00 
  26         37    3  4.000000e+00  1.350000e+01  1.000000e+00  0.000000e+00  0.000000e+00  0.000000e+00 
  27         47    3  5.000000e+00  1.360000e+01  1.000000e+00  0.000000e+00  0.000000e+00  0.000000e+00 
  28         38    3  5.800000e+00  1.420000e+01  1.000000e+00  0.000000e+00  0.000000e+00  0.000000e+00 
  29         48    3  6.800000e+00  1.470000e+01  1.000000e+00  0.000000e+00  0.000000e+00  0.000000e+00 
  30         39    3  7.500000e+00  1.400000e+01  1.000000e+00  0.000000e+00  0.000000e+00  0.000000e+00 
  31         49    3  8.500000e+00  1.350000e+01  1.000000e+00  0.000000e+00  0.000000e+00  0.000000e+00 
  32         30    3  8.700000e+00  1.450000e+01  1.000000e+00  0.000000e+00  0.000000e+00  0.000000e+00 
  33         40    3  9.700000e+00  1.450000e+01  1.000000e+00  0.000000e+00  0.000000e+00  0.000000e+00 
  34         50    4  9.870000e+00  5.840000e+00  1.000000e+00  0.000000e+00  0.000000e+00  0.000000e+00 
  35         60    4  1.012000e+01  4.820000e+00  1.000000e+00  0.000000e+00  0.000000e+00  0.000000e+00 
  36         51    4  1.104000e+01  4.900000e+00  1.000000e+00  0.000000e+00  0.000000e+00  0.000000e+00 
  37         61    4  1.131000e+01  5.810000e+00  1.000000e+00  0.000000e+00  0.000000e+00  0.000000e+00 
  38         52    4  1.155000e+01  5.280000e+00  1.000000e+00  0.000000e+00  0.000000e+00  0.000000e+00 
  39         62    4  1.214000e+01  5.600000e+00  1.000000e+00  0.000000e+00  0.000000e+00  0.000000e+00 
  40         53    4  1.235000e+01  3.630000e+00  1.000000e+00  0.000000e+00  0.000000e+00  0.000000e+00 
  41         63    4  1.305000e+01  4.110000e+00  1.000000e+00  0.000000e+00  0.000000e+00  0.000000e+00 
  42         54    4  1.301000e+01  5.110000e+00  1.000000e+00  0.000000e+00  0.000000e+00  0.000000e+00 
  43         64    4  1.342000e+01  4.830000e+00  1.000000e+00  0.000000e+00  0.000000e+00  0.000000e+00 
  44         55    4  1.413000e+01  5.310000e+00  1.000000e+00  0.000000e+00  0.000000e+00  0.000000e+00 
  45         65    4  1.486000e+01  6.020000e+00  1.000000e+00  0.000000e+00  0.000000e+00  0.000000e+00 
  46         56    4  1.435000e+01  6.860000e+00  1.000000e+00  0.000000e+00  0.000000e+00  0.000000e+00 
