10 10 
   0          1    1  2.958930e+00  7.444071e+00  1.170113e+02  1.171872e+02 -4.185256e+01  1.506692e+02 
   1          1    9  1.208243e+02  1.000766e+02  8.817980e+01  1.255577e+02 -6.989377e+02  4.394519e+02 
   2          1   10  3.021979e+00  1.173345e+02  3.177427e+01  1.004461e+02  2.427448e+02  2.678564e+02 
   3          1    2  1.186547e+02  9.682935e+01  7.503574e+01 -6.696410e+01 -1.799660e+02  2.594859e+02 
   4          1    5  1.206516e+02  9.094009e+01  9.329268e+01  7.198640e+02 -2.720416e+02 -2.130295e+03 
   5          1    3  1.082350e+00  8.368311e+01  1.126800e+02 -6.738262e+02 -1.590397e+02  1.339282e+02 
   6          1    6  7.390176e+00  1.202242e+02  6.752895e+01  5.064160e+02  3.390057e+02  9.626089e+01 
   7          1    4  1.279704e+02  1.046731e+02  7.730056e+01 -1.297429e+02  5.022307e+01 -5.859358e+01 
   8          1    7  3.323948e+00  9.112878e+01  4.104836e+01  1.339282e+02  1.757807e+02 -3.766730e+01 
   9          1    8  4.307436e+00  4.182656e+01  6.336077e+01  3.724878e+02  2.008923e+02 -2.678564e+02 
