65536  3899 
1 
2 
3 
4 
5 
6 
7 
8 
9 
10 
11 
14 
16 
17 
18 
19 
20 
21 
22 
23 
24 
25 
26 
27 
28 
29 
30 
31 
32 
33 
34 
35 
36 
37 
38 
40 
42 
43 
44 
46 
50 
53 
54 
55 
60 
61 
62 
63 
64 
65 
66 
67 
69 
70 
71 
73 
74 
76 
77 
78 
79 
80 
81 
82 
83 
84 
85 
86 
87 
88 
90 
91 
92 
93 
96 
97 
98 
99 
101 
102 
103 
105 
106 
107 
108 
109 
110 
111 
112 
113 
115 
118 
119 
121 
122 
123 
124 
125 
126 
128 
129 
130 
131 
132 
134 
135 
136 
139 
140 
141 
142 
143 
145 
147 
150 
151 
155 
157 
158 
160 
161 
162 
163 
164 
166 
167 
169 
170 
171 
172 
173 
174 
175 
176 
177 
178 
179 
180 
183 
184 
185 
186 
187 
189 
190 
194 
195 
196 
197 
199 
200 
201 
205 
206 
207 
208 
209 
210 
211 
212 
214 
215 
216 
218 
219 
220 
221 
222 
224 
225 
226 
229 
231 
233 
234 
235 
237 
239 
240 
241 
242 
243 
244 
247 
248 
249 
251 
252 
255 
259 
261 
262 
264 
265 
266 
267 
268 
269 
270 
272 
273 
275 
276 
277 
278 
279 
280 
281 
282 
286 
288 
290 
292 
293 
294 
297 
298 
302 
304 
307 
308 
309 
310 
311 
315 
316 
318 
320 
321 
322 
323 
324 
326 
330 
331 
333 
335 
336 
338 
339 
341 
343 
344 
347 
348 
350 
352 
354 
355 
358 
360 
361 
362 
365 
366 
369 
373 
374 
376 
377 
379 
380 
381 
382 
383 
389 
390 
391 
392 
393 
394 
395 
396 
397 
398 
400 
402 
403 
404 
405 
407 
408 
410 
411 
412 
413 
415 
416 
420 
421 
422 
423 
424 
425 
427 
429 
430 
431 
435 
437 
439 
443 
447 
449 
451 
453 
454 
459 
460 
461 
465 
466 
467 
469 
470 
471 
474 
475 
476 
478 
480 
481 
483 
486 
487 
488 
489 
490 
492 
493 
494 
497 
498 
499 
501 
503 
504 
505 
507 
508 
509 
510 
511 
512 
513 
514 
516 
517 
518 
519 
520 
527 
528 
530 
531 
532 
533 
534 
536 
537 
538 
540 
542 
543 
546 
547 
548 
549 
551 
554 
555 
556 
557 
558 
560 
562 
563 
564 
565 
567 
568 
572 
573 
574 
575 
577 
578 
582 
583 
584 
587 
589 
590 
591 
593 
594 
595 
596 
597 
599 
600 
602 
603 
604 
606 
608 
612 
613 
615 
616 
619 
620 
621 
622 
623 
625 
628 
629 
630 
631 
634 
635 
638 
639 
641 
645 
648 
650 
654 
657 
660 
661 
663 
665 
666 
667 
668 
669 
670 
671 
672 
673 
676 
677 
681 
684 
686 
688 
689 
690 
691 
692 
694 
697 
699 
700 
701 
702 
706 
707 
708 
709 
710 
711 
712 
713 
715 
717 
718 
721 
722 
723 
724 
726 
727 
728 
731 
732 
733 
734 
736 
743 
744 
747 
748 
751 
753 
755 
757 
758 
759 
761 
763 
764 
765 
767 
768 
769 
775 
776 
777 
778 
779 
780 
781 
782 
783 
785 
787 
788 
789 
790 
791 
792 
793 
795 
798 
799 
802 
803 
806 
807 
809 
810 
811 
812 
815 
817 
818 
821 
822 
827 
828 
829 
831 
836 
837 
840 
845 
847 
852 
853 
855 
856 
857 
859 
862 
863 
864 
867 
868 
869 
870 
871 
873 
876 
884 
885 
890 
891 
892 
893 
894 
896 
899 
903 
906 
907 
909 
912 
916 
917 
918 
920 
922 
923 
924 
926 
928 
929 
930 
935 
938 
939 
940 
942 
943 
947 
948 
949 
951 
954 
955 
956 
957 
958 
959 
961 
963 
964 
965 
967 
969 
972 
974 
976 
978 
982 
983 
985 
987 
988 
989 
990 
992 
998 
1001 
1002 
1005 
1008 
1009 
1012 
1016 
1018 
1019 
1023 
1028 
1030 
1031 
1035 
1036 
1037 
1039 
1040 
1041 
1046 
1049 
1051 
1052 
1055 
1056 
1057 
1060 
1062 
1069 
1071 
1073 
1074 
1076 
1077 
1080 
1081 
1082 
1083 
1086 
1088 
1091 
1092 
1094 
1096 
1097 
1099 
1100 
1101 
1102 
1105 
1106 
1108 
1109 
1111 
1112 
1115 
1116 
1117 
1119 
1121 
1125 
1127 
1129 
1131 
1132 
1135 
1136 
1138 
1140 
1142 
1143 
1144 
1150 
1152 
1154 
1155 
1158 
1161 
1162 
1163 
1164 
1166 
1168 
1169 
1170 
1171 
1172 
1173 
1174 
1175 
1177 
1183 
1185 
1186 
1187 
1188 
1191 
1192 
1193 
1194 
1195 
1196 
1197 
1198 
1201 
1206 
1210 
1215 
1217 
1218 
1223 
1227 
1228 
1230 
1232 
1236 
1238 
1240 
1245 
1250 
1255 
1259 
1264 
1266 
1269 
1275 
1282 
1284 
1285 
1287 
1289 
1290 
1292 
1293 
1294 
1295 
1297 
1299 
1300 
1303 
1309 
1310 
1311 
1312 
1314 
1322 
1324 
1326 
1331 
1332 
1333 
1334 
1335 
1336 
1339 
1341 
1343 
1352 
1353 
1356 
1357 
1358 
1360 
1361 
1362 
1365 
1366 
1368 
1369 
1371 
1374 
1380 
1382 
1384 
1385 
1387 
1392 
1395 
1396 
1397 
1403 
1405 
1406 
1410 
1411 
1414 
1416 
1420 
1422 
1423 
1426 
1427 
1432 
1434 
1435 
1436 
1437 
1439 
1442 
1445 
1446 
1447 
1449 
1450 
1451 
1454 
1456 
1458 
1459 
1461 
1463 
1468 
1469 
1470 
1471 
1472 
1475 
1485 
1490 
1495 
1496 
1497 
1499 
1500 
1501 
1504 
1506 
1509 
1512 
1514 
1519 
1520 
1525 
1526 
1528 
1530 
1532 
1535 
1536 
1537 
1539 
1544 
1551 
1553 
1556 
1563 
1564 
1569 
1571 
1573 
1574 
1584 
1586 
1593 
1602 
1603 
1604 
1606 
1608 
1610 
1614 
1615 
1617 
1621 
1622 
1625 
1629 
1631 
1633 
1634 
1637 
1639 
1642 
1643 
1645 
1648 
1650 
1651 
1657 
1658 
1659 
1660 
1661 
1663 
1665 
1666 
1667 
1668 
1669 
1672 
1674 
1676 
1679 
1680 
1681 
1682 
1684 
1685 
1687 
1688 
1690 
1691 
1692 
1693 
1696 
1698 
1699 
1700 
1701 
1702 
1706 
1707 
1708 
1712 
1716 
1717 
1720 
1723 
1726 
1727 
1728 
1730 
1731 
1732 
1733 
1735 
1737 
1738 
1739 
1742 
1745 
1747 
1749 
1753 
1755 
1756 
1757 
1758 
1759 
1761 
1762 
1763 
1764 
1765 
1767 
1772 
1773 
1775 
1776 
1779 
1782 
1785 
1787 
1788 
1789 
1790 
1792 
1794 
1795 
1797 
1802 
1805 
1807 
1808 
1809 
1811 
1812 
1813 
1816 
1817 
1821 
1822 
1824 
1825 
1828 
1833 
1835 
1836 
1838 
1841 
1842 
1843 
1844 
1845 
1846 
1847 
1848 
1851 
1852 
1855 
1856 
1857 
1859 
1862 
1863 
1865 
1868 
1871 
1875 
1879 
1880 
1886 
1887 
1890 
1892 
1893 
1895 
1896 
1900 
1902 
1905 
1908 
1909 
1910 
1913 
1914 
1915 
1918 
1920 
1921 
1922 
1928 
1929 
1930 
1931 
1936 
1938 
1945 
1946 
1955 
1956 
1957 
1958 
1959 
1960 
1961 
1964 
1966 
1970 
1971 
1972 
1975 
1976 
1977 
1979 
1981 
1984 
1987 
1990 
1991 
1993 
1995 
1999 
2001 
2003 
2004 
2005 
2006 
2009 
2012 
2022 
2027 
2028 
2033 
2035 
2036 
2038 
2039 
2041 
2043 
2044 
2046 
2050 
2052 
2053 
2055 
2057 
2060 
2061 
2062 
2064 
2068 
2071 
2072 
2074 
2076 
2081 
2082 
2083 
2084 
2090 
2100 
2101 
2103 
2105 
2108 
2111 
2112 
2113 
2114 
2115 
2116 
2118 
2119 
2122 
2130 
2131 
2134 
2135 
2137 
2139 
2142 
2143 
2144 
2145 
2153 
2154 
2155 
2158 
2159 
2160 
2161 
2162 
2163 
2166 
2167 
2168 
2169 
2171 
2172 
2176 
2178 
2179 
2180 
2184 
2187 
2188 
2192 
2193 
2195 
2199 
2200 
2203 
2204 
2205 
2206 
2208 
2209 
2210 
2213 
2214 
2218 
2219 
2221 
2224 
2225 
2226 
2229 
2231 
2232 
2233 
2234 
2235 
2236 
2237 
2243 
2245 
2248 
2251 
2254 
2255 
2259 
2260 
2261 
2262 
2264 
2267 
2273 
2275 
2277 
2279 
2284 
2287 
2289 
2290 
2291 
2292 
2293 
2294 
2295 
2296 
2297 
2300 
2302 
2303 
2306 
2307 
2308 
2309 
2312 
2316 
2319 
2324 
2325 
2333 
2336 
2337 
2341 
2344 
2346 
2349 
2350 
2352 
2353 
2360 
2364 
2365 
2366 
2370 
2371 
2378 
2379 
2380 
2386 
2387 
2388 
2390 
2391 
2395 
2397 
2398 
2401 
2404 
2405 
2407 
2408 
2409 
2410 
2412 
2413 
2415 
2422 
2423 
2426 
2428 
2433 
2437 
2439 
2440 
2444 
2445 
2446 
2447 
2449 
2450 
2451 
2454 
2455 
2459 
2461 
2468 
2469 
2470 
2473 
2479 
2481 
2486 
2488 
2490 
2493 
2497 
2502 
2506 
2509 
2510 
2512 
2514 
2516 
2518 
2521 
2522 
2523 
2525 
2528 
2529 
2532 
2533 
2537 
2538 
2540 
2542 
2543 
2547 
2549 
2550 
2551 
2552 
2553 
2555 
2558 
2559 
2561 
2563 
2565 
2570 
2578 
2579 
2580 
2581 
2582 
2584 
2585 
2587 
2590 
2593 
2595 
2596 
2598 
2600 
2601 
2610 
2611 
2612 
2615 
2617 
2618 
2619 
2621 
2622 
2623 
2626 
2628 
2629 
2632 
2633 
2634 
2637 
2639 
2641 
2642 
2643 
2644 
2648 
2649 
2653 
2654 
2656 
2657 
2660 
2661 
2666 
2669 
2670 
2671 
2672 
2675 
2679 
2681 
2685 
2687 
2688 
2690 
2691 
2692 
2694 
2695 
2700 
2701 
2703 
2705 
2706 
2707 
2708 
2710 
2712 
2717 
2720 
2721 
2723 
2727 
2730 
2731 
2732 
2733 
2734 
2736 
2743 
2744 
2748 
2752 
2753 
2757 
2761 
2767 
2768 
2771 
2772 
2773 
2774 
2777 
2779 
2780 
2781 
2782 
2785 
2789 
2791 
2797 
2798 
2802 
2804 
2808 
2809 
2811 
2812 
2815 
2819 
2820 
2827 
2835 
2839 
2840 
2842 
2845 
2846 
2847 
2848 
2852 
2853 
2857 
2858 
2862 
2866 
2867 
2868 
2879 
2880 
2884 
2886 
2890 
2891 
2892 
2894 
2897 
2901 
2906 
2907 
2908 
2910 
2911 
2912 
2914 
2917 
2922 
2928 
2929 
2935 
2937 
2938 
2942 
2948 
2949 
2950 
2952 
2953 
2954 
2957 
2958 
2959 
2963 
2965 
2967 
2970 
2975 
2976 
2977 
2980 
2981 
2983 
2984 
2985 
2986 
2991 
2992 
2994 
2995 
2998 
3000 
3001 
3005 
3006 
3007 
3009 
3010 
3011 
3012 
3013 
3015 
3016 
3017 
3019 
3022 
3023 
3024 
3026 
3028 
3034 
3036 
3037 
3038 
3039 
3041 
3042 
3044 
3048 
3054 
3055 
3056 
3059 
3060 
3062 
3065 
3068 
3070 
3072 
3073 
3075 
3077 
3078 
3085 
3086 
3088 
3089 
3090 
3093 
3095 
3097 
3103 
3104 
3106 
3107 
3110 
3114 
3117 
3118 
3121 
3122 
3124 
3125 
3128 
3129 
3130 
3131 
3134 
3136 
3137 
3138 
3142 
3147 
3148 
3149 
3151 
3153 
3154 
3157 
3159 
3161 
3162 
3163 
3165 
3167 
3177 
3180 
3181 
3183 
3185 
3189 
3192 
3193 
3196 
3197 
3198 
3199 
3202 
3204 
3206 
3212 
3214 
3219 
3222 
3223 
3227 
3228 
3229 
3231 
3238 
3239 
3244 
3247 
3250 
3251 
3258 
3260 
3261 
3263 
3265 
3266 
3267 
3268 
3271 
3273 
3279 
3284 
3286 
3288 
3290 
3291 
3293 
3298 
3300 
3302 
3304 
3306 
3307 
3308 
3311 
3313 
3314 
3316 
3319 
3320 
3321 
3323 
3324 
3326 
3327 
3330 
3332 
3337 
3339 
3344 
3345 
3347 
3350 
3351 
3352 
3355 
3356 
3359 
3363 
3364 
3368 
3371 
3377 
3378 
3379 
3381 
3386 
3389 
3391 
3395 
3398 
3399 
3400 
3401 
3403 
3409 
3410 
3411 
3418 
3419 
3420 
3421 
3422 
3423 
3426 
3427 
3428 
3430 
3431 
3432 
3434 
3436 
3437 
3440 
3443 
3446 
3447 
3450 
3451 
3452 
3453 
3457 
3458 
3460 
3462 
3465 
3468 
3469 
3473 
3475 
3477 
3480 
3481 
3483 
3484 
3485 
3486 
3488 
3491 
3498 
3499 
3500 
3503 
3508 
3512 
3513 
3514 
3517 
3519 
3521 
3523 
3524 
3526 
3527 
3529 
3533 
3535 
3536 
3539 
3540 
3542 
3544 
3545 
3548 
3551 
3553 
3554 
3557 
3561 
3564 
3568 
3573 
3576 
3579 
3581 
3582 
3583 
3584 
3585 
3587 
3590 
3593 
3595 
3596 
3597 
3599 
3600 
3602 
3603 
3609 
3611 
3616 
3618 
3621 
3624 
3626 
3628 
3632 
3633 
3634 
3637 
3638 
3639 
3640 
3642 
3644 
3646 
3647 
3648 
3657 
3659 
3666 
3669 
3670 
3671 
3673 
3675 
3676 
3681 
3683 
3685 
3686 
3688 
3689 
3690 
3692 
3693 
3694 
3697 
3702 
3703 
3710 
3713 
3716 
3720 
3721 
3722 
3723 
3724 
3726 
3729 
3732 
3734 
3738 
3741 
3743 
3744 
3745 
3748 
3749 
3756 
3758 
3760 
3762 
3763 
3764 
3765 
3767 
3768 
3772 
3779 
3780 
3784 
3790 
3792 
3797 
3798 
3800 
3801 
3805 
3810 
3811 
3812 
3817 
3823 
3824 
3826 
3827 
3828 
3829 
3830 
3831 
3832 
3834 
3835 
3837 
3839 
3840 
3842 
3847 
3849 
3850 
3851 
3852 
3853 
3858 
3859 
3861 
3864 
3866 
3870 
3873 
3877 
3878 
3879 
3885 
3887 
3894 
3896 
3897 
3900 
3901 
3905 
3906 
3907 
3910 
3912 
3915 
3921 
3924 
3926 
3929 
3931 
3935 
3936 
3938 
3944 
3945 
3951 
3952 
3953 
3957 
3962 
3963 
3969 
3970 
3971 
3972 
3974 
3977 
3980 
3981 
3984 
3987 
3989 
3991 
3993 
3995 
3996 
3997 
3999 
4001 
4002 
4003 
4011 
4013 
4014 
4018 
4021 
4022 
4026 
4033 
4034 
4035 
4037 
4053 
4056 
4064 
4065 
4066 
4068 
4069 
4071 
4076 
4082 
4083 
4084 
4088 
4090 
4095 
4099 
4100 
4101 
4106 
4112 
4114 
4118 
4120 
4122 
4123 
4127 
4130 
4131 
4134 
4137 
4138 
4140 
4142 
4143 
4144 
4145 
4147 
4149 
4150 
4154 
4159 
4160 
4161 
4162 
4163 
4164 
4165 
4167 
4177 
4178 
4179 
4181 
4183 
4184 
4185 
4192 
4193 
4194 
4195 
4197 
4198 
4199 
4200 
4208 
4209 
4210 
4211 
4212 
4218 
4221 
4224 
4225 
4226 
4227 
4229 
4230 
4233 
4242 
4247 
4249 
4250 
4254 
4255 
4256 
4258 
4260 
4261 
4263 
4264 
4265 
4269 
4271 
4273 
4278 
4280 
4281 
4287 
4288 
4289 
4291 
4292 
4296 
4297 
4299 
4301 
4302 
4309 
4310 
4311 
4315 
4317 
4319 
4321 
4322 
4323 
4325 
4326 
4328 
4329 
4330 
4331 
4338 
4346 
4348 
4350 
4351 
4354 
4355 
4357 
4358 
4363 
4367 
4368 
4371 
4374 
4377 
4379 
4387 
4389 
4396 
4399 
4400 
4402 
4405 
4407 
4408 
4409 
4410 
4417 
4422 
4428 
4429 
4433 
4434 
4435 
4440 
4442 
4443 
4450 
4454 
4455 
4458 
4460 
4463 
4466 
4467 
4470 
4475 
4484 
4485 
4486 
4488 
4490 
4492 
4495 
4499 
4503 
4504 
4507 
4510 
4514 
4515 
4516 
4521 
4525 
4526 
4528 
4531 
4532 
4535 
4536 
4539 
4542 
4544 
4553 
4556 
4558 
4560 
4561 
4562 
4563 
4571 
4575 
4585 
4587 
4589 
4590 
4591 
4592 
4594 
4599 
4600 
4601 
4603 
4605 
4606 
4610 
4612 
4613 
4614 
4618 
4620 
4621 
4628 
4629 
4630 
4631 
4633 
4636 
4639 
4641 
4643 
4645 
4646 
4649 
4650 
4651 
4654 
4657 
4665 
4667 
4669 
4674 
4680 
4688 
4690 
4693 
4694 
4697 
4698 
4701 
4704 
4706 
4707 
4708 
4709 
4710 
4713 
4714 
4716 
4717 
4719 
4720 
4724 
4725 
4726 
4727 
4728 
4729 
4735 
4736 
4737 
4740 
4742 
4747 
4757 
4758 
4759 
4760 
4769 
4770 
4771 
4773 
4774 
4777 
4778 
4784 
4785 
4787 
4789 
4791 
4796 
4799 
4800 
4802 
4805 
4807 
4808 
4811 
4816 
4818 
4819 
4827 
4831 
4832 
4834 
4838 
4840 
4841 
4843 
4844 
4846 
4848 
4851 
4852 
4856 
4859 
4862 
4863 
4864 
4867 
4868 
4875 
4882 
4883 
4884 
4885 
4886 
4889 
4890 
4891 
4892 
4893 
4894 
4896 
4897 
4900 
4901 
4906 
4907 
4910 
4913 
4916 
4918 
4920 
4922 
4925 
4926 
4927 
4930 
4935 
4940 
4945 
4947 
4948 
4949 
4950 
4957 
4960 
4962 
4964 
4965 
4967 
4972 
4975 
4978 
4982 
4984 
4987 
4988 
4989 
4991 
4994 
4996 
4999 
5004 
5005 
5006 
5008 
5010 
5011 
5012 
5014 
5015 
5016 
5018 
5019 
5022 
5023 
5027 
5028 
5030 
5031 
5034 
5035 
5036 
5038 
5041 
5043 
5048 
5053 
5055 
5056 
5057 
5060 
5063 
5065 
5067 
5068 
5069 
5070 
5072 
5073 
5075 
5081 
5083 
5085 
5091 
5092 
5093 
5094 
5095 
5096 
5102 
5103 
5107 
5108 
5109 
5111 
5113 
5114 
5116 
5117 
5119 
5121 
5128 
5131 
5138 
5141 
5143 
5147 
5148 
5149 
5150 
5153 
5154 
5157 
5162 
5164 
5167 
5172 
5176 
5177 
5179 
5181 
5185 
5186 
5191 
5201 
5202 
5204 
5205 
5210 
5211 
5212 
5214 
5223 
5228 
5236 
5237 
5238 
5239 
5241 
5243 
5244 
5251 
5252 
5255 
5257 
5258 
5262 
5265 
5266 
5268 
5269 
5270 
5272 
5273 
5274 
5275 
5276 
5277 
5278 
5280 
5281 
5283 
5284 
5287 
5289 
5292 
5293 
5294 
5295 
5297 
5298 
5300 
5302 
5308 
5309 
5314 
5315 
5316 
5317 
5318 
5319 
5320 
5321 
5323 
5325 
5327 
5331 
5332 
5336 
5338 
5339 
5340 
5346 
5347 
5348 
5349 
5351 
5355 
5356 
5357 
5360 
5362 
5367 
5368 
5372 
5373 
5379 
5380 
5381 
5383 
5385 
5386 
5389 
5393 
5402 
5406 
5411 
5414 
5415 
5416 
5417 
5418 
5419 
5420 
5421 
5422 
5424 
5427 
5429 
5431 
5432 
5436 
5441 
5443 
5444 
5446 
5447 
5451 
5452 
5454 
5456 
5457 
5458 
5460 
5465 
5466 
5470 
5471 
5472 
5474 
5476 
5477 
5479 
5480 
5481 
5484 
5486 
5487 
5488 
5489 
5490 
5493 
5500 
5501 
5505 
5506 
5507 
5508 
5511 
5512 
5517 
5520 
5521 
5523 
5524 
5527 
5528 
5531 
5532 
5534 
5535 
5536 
5539 
5541 
5546 
5552 
5554 
5555 
5556 
5561 
5562 
5564 
5567 
5569 
5571 
5572 
5574 
5577 
5585 
5587 
5588 
5590 
5593 
5594 
5595 
5597 
5600 
5602 
5603 
5604 
5605 
5610 
5613 
5620 
5621 
5622 
5624 
5625 
5628 
5630 
5633 
5638 
5640 
5643 
5645 
5648 
5649 
5653 
5654 
5655 
5659 
5660 
5661 
5662 
5664 
5670 
5671 
5674 
5675 
5676 
5681 
5687 
5688 
5690 
5691 
5693 
5694 
5695 
5697 
5700 
5705 
5706 
5708 
5709 
5710 
5712 
5715 
5719 
5722 
5724 
5726 
5727 
5728 
5729 
5733 
5736 
5740 
5741 
5744 
5745 
5747 
5748 
5753 
5758 
5759 
5760 
5761 
5763 
5764 
5766 
5767 
5768 
5770 
5775 
5779 
5789 
5792 
5793 
5795 
5798 
5799 
5801 
5803 
5805 
5808 
5810 
5811 
5816 
5821 
5823 
5824 
5825 
5827 
5837 
5841 
5843 
5844 
5847 
5848 
5849 
5850 
5852 
5863 
5866 
5867 
5870 
5871 
5875 
5877 
5879 
5881 
5884 
5893 
5896 
5898 
5899 
5907 
5910 
5920 
5924 
5925 
5928 
5933 
5936 
5937 
5940 
5942 
5943 
5947 
5950 
5951 
5952 
5953 
5956 
5958 
5959 
5966 
5967 
5968 
5971 
5973 
5977 
5984 
5986 
5989 
5991 
5996 
6003 
6008 
6010 
6014 
6015 
6017 
6027 
6029 
6032 
6034 
6035 
6036 
6038 
6040 
6045 
6047 
6048 
6049 
6053 
6054 
6056 
6061 
6062 
6063 
6066 
6067 
6072 
6076 
6079 
6082 
6084 
6085 
6088 
6089 
6095 
6096 
6099 
6100 
6103 
6104 
6105 
6106 
6110 
6113 
6114 
6115 
6120 
6121 
6122 
6123 
6126 
6130 
6133 
6137 
6140 
6141 
6142 
6143 
6146 
6148 
6149 
6151 
6153 
6157 
6159 
6160 
6161 
6164 
6172 
6182 
6187 
6188 
6190 
6192 
6195 
6196 
6198 
6199 
6204 
6205 
6207 
6210 
6212 
6214 
6216 
6217 
6219 
6220 
6224 
6225 
6230 
6231 
6233 
6235 
6237 
6238 
6239 
6248 
6249 
6250 
6251 
6252 
6253 
6254 
6257 
6259 
6262 
6263 
6265 
6267 
6268 
6270 
6276 
6279 
6280 
6281 
6282 
6284 
6288 
6292 
6293 
6295 
6296 
6297 
6299 
6301 
6304 
6305 
6306 
6308 
6310 
6316 
6319 
6320 
6322 
6323 
6326 
6328 
6329 
6331 
6332 
6335 
6337 
6339 
6341 
6343 
6345 
6352 
6354 
6356 
6357 
6358 
6359 
6362 
6363 
6372 
6375 
6378 
6379 
6381 
6384 
6386 
6387 
6390 
6395 
6397 
6399 
6400 
6404 
6405 
6406 
6408 
6413 
6414 
6416 
6421 
6424 
6428 
6430 
6431 
6433 
6450 
6451 
6453 
6454 
6455 
6456 
6461 
6466 
6467 
6471 
6472 
6475 
6476 
6478 
6479 
6481 
6484 
6485 
6490 
6492 
6494 
6496 
6502 
6505 
6509 
6511 
6512 
6516 
6524 
6525 
6526 
6528 
6531 
6534 
6538 
6541 
6542 
6545 
6548 
6549 
6558 
6560 
6561 
6563 
6564 
6566 
6568 
6569 
6571 
6580 
6582 
6584 
6588 
6591 
6593 
6595 
6597 
6598 
6600 
6601 
6602 
6605 
6606 
6607 
6609 
6611 
6612 
6613 
6614 
6617 
6619 
6620 
6621 
6624 
6626 
6628 
6629 
6631 
6633 
6635 
6645 
6654 
6655 
6663 
6664 
6666 
6667 
6673 
6679 
6680 
6683 
6685 
6691 
6693 
6695 
6696 
6702 
6708 
6712 
6717 
6718 
6721 
6726 
6728 
6729 
6734 
6736 
6737 
6740 
6741 
6742 
6746 
6753 
6754 
6756 
6758 
6762 
6763 
6766 
6767 
6768 
6769 
6770 
6771 
6777 
6778 
6780 
6781 
6782 
6784 
6785 
6787 
6790 
6792 
6795 
6796 
6797 
6798 
6799 
6800 
6801 
6803 
6815 
6817 
6818 
6824 
6826 
6831 
6832 
6834 
6835 
6837 
6838 
6839 
6840 
6842 
6844 
6846 
6847 
6850 
6851 
6857 
6865 
6866 
6867 
6871 
6876 
6878 
6879 
6882 
6883 
6885 
6889 
6890 
6892 
6894 
6902 
6907 
6909 
6914 
6915 
6930 
6931 
6932 
6936 
6937 
6938 
6940 
6942 
6944 
6945 
6951 
6954 
6955 
6959 
6964 
6966 
6969 
6971 
6972 
6975 
6978 
6984 
6987 
6992 
6995 
6996 
6997 
6998 
7000 
7003 
7005 
7006 
7007 
7009 
7012 
7014 
7018 
7020 
7024 
7027 
7029 
7032 
7034 
7038 
7041 
7043 
7044 
7047 
7048 
7050 
7055 
7056 
7066 
7067 
7068 
7069 
7072 
7073 
7077 
7080 
7082 
7091 
7094 
7097 
7098 
7100 
7101 
7102 
7103 
7107 
7108 
7110 
7112 
7113 
7114 
7115 
7117 
7126 
7142 
7143 
7144 
7145 
7149 
7151 
7152 
7153 
7155 
7156 
7159 
7160 
7162 
7165 
7170 
7171 
7172 
7173 
7177 
7179 
7181 
7183 
7184 
7194 
7195 
7196 
7198 
7199 
7201 
7205 
7207 
7208 
7212 
7214 
7215 
7218 
7219 
7222 
7224 
7226 
7227 
7228 
7229 
7232 
7238 
7241 
7242 
7246 
7248 
7251 
7256 
7257 
7262 
7273 
7276 
7280 
7281 
7290 
7291 
7292 
7293 
7298 
7299 
7300 
7301 
7302 
7303 
7310 
7311 
7314 
7315 
7319 
7323 
7327 
7331 
7333 
7338 
7339 
7340 
7342 
7343 
7348 
7352 
7356 
7366 
7371 
7372 
7373 
7375 
7376 
7378 
7379 
7380 
7382 
7383 
7385 
7386 
7388 
7391 
7397 
7398 
7399 
7401 
7402 
7405 
7411 
7412 
7416 
7428 
7434 
7435 
7448 
7452 
7453 
7454 
7456 
7458 
7461 
7462 
7467 
7468 
7469 
7470 
7472 
7475 
7476 
7479 
7481 
7489 
7495 
7497 
7502 
7505 
7506 
7512 
7514 
7515 
7516 
7520 
7523 
7524 
7525 
7527 
7528 
7529 
7540 
7541 
7549 
7550 
7551 
7553 
7554 
7565 
7566 
7571 
7573 
7574 
7580 
7581 
7582 
7592 
7594 
7596 
7598 
7599 
7602 
7603 
7605 
7608 
7609 
7610 
7612 
7615 
7616 
7620 
7621 
7626 
7628 
7629 
7633 
7634 
7635 
7639 
7644 
7645 
7648 
7651 
7653 
7655 
7657 
7660 
7668 
7670 
7672 
7674 
7679 
7680 
7682 
7683 
7684 
7688 
7690 
7692 
7697 
7701 
7703 
7704 
7709 
7710 
7711 
7714 
7718 
7722 
7726 
7727 
7730 
7739 
7741 
7742 
7743 
7746 
7749 
7753 
7756 
7758 
7759 
7760 
7761 
7762 
7765 
7766 
7767 
7769 
7771 
7772 
7775 
7778 
7781 
7783 
7785 
7786 
7793 
7794 
7796 
7797 
7798 
7800 
7801 
7804 
7805 
7807 
7808 
7812 
7817 
7818 
7822 
7823 
7826 
7827 
7828 
7829 
7831 
7833 
7834 
7836 
7839 
7845 
7846 
7848 
7849 
7851 
7854 
7857 
7859 
7862 
7866 
7867 
7868 
7873 
7874 
7876 
7884 
7894 
7899 
7901 
7905 
7909 
7912 
7919 
7921 
7923 
7924 
7927 
7930 
7931 
7932 
7933 
7935 
7937 
7938 
7947 
7948 
7949 
7953 
7957 
7965 
7966 
7970 
7974 
7975 
7976 
7977 
7978 
7979 
7983 
7985 
7987 
7988 
7994 
7995 
7996 
7997 
8000 
8007 
8009 
8015 
8016 
8020 
8024 
8025 
8026 
8029 
8031 
8033 
8036 
8040 
8042 
8045 
8046 
8048 
8055 
8056 
8061 
8062 
8063 
8067 
8069 
8070 
8072 
8074 
8077 
8078 
8079 
8081 
8085 
8086 
8092 
8103 
8106 
8111 
8112 
8113 
8114 
8115 
8118 
8124 
8131 
8134 
8138 
8139 
8142 
8151 
8158 
8159 
8161 
8167 
8168 
8169 
8173 
8175 
8178 
8180 
8182 
8183 
8185 
8192 
8193 
8200 
8205 
8207 
8215 
8216 
8220 
8224 
8227 
8228 
8230 
8232 
8238 
8240 
8243 
8244 
8246 
8249 
8251 
8254 
8256 
8258 
8259 
8267 
8270 
8271 
8275 
8277 
8281 
8283 
8288 
8293 
8294 
8295 
8299 
8303 
8307 
8309 
8310 
8312 
8316 
8317 
8318 
8319 
8320 
8323 
8327 
8328 
8335 
8336 
8337 
8339 
8344 
8346 
8348 
8349 
8350 
8351 
8352 
8353 
8357 
8363 
8364 
8365 
8367 
8368 
8369 
8370 
8371 
8373 
8375 
8379 
8382 
8389 
8393 
8399 
8401 
8402 
8404 
8405 
8408 
8410 
8412 
8414 
8415 
8416 
8419 
8422 
8423 
8425 
8426 
8430 
8432 
8438 
8443 
8445 
8446 
8447 
8449 
8453 
8455 
8460 
8461 
8465 
8466 
8468 
8469 
8473 
8476 
8481 
8489 
8491 
8499 
8500 
8505 
8506 
8509 
8511 
8517 
8519 
8521 
8527 
8528 
8537 
8544 
8545 
8549 
8553 
8555 
8561 
8562 
8565 
8571 
8575 
8579 
8582 
8583 
8589 
8595 
8597 
8598 
8601 
8603 
8606 
8607 
8609 
8614 
8618 
8638 
8641 
8644 
8648 
8651 
8653 
8658 
8662 
8665 
8666 
8668 
8678 
8680 
8683 
8686 
8688 
8695 
8720 
8723 
8727 
8730 
8737 
8739 
8741 
8745 
8750 
8755 
8757 
8758 
8759 
8763 
8764 
8767 
8770 
8774 
8778 
8780 
8782 
8786 
8788 
8792 
8793 
8795 
8796 
8797 
8799 
8802 
8804 
8806 
8813 
8818 
8820 
8830 
8838 
8845 
8846 
8847 
8862 
8865 
8866 
8872 
8880 
8891 
8901 
8914 
8917 
8922 
8928 
8941 
8946 
8948 
8950 
8953 
8958 
8964 
8965 
8970 
8975 
8983 
8988 
8994 
8997 
9007 
9009 
9011 
9021 
9023 
9035 
9038 
9042 
9044 
9046 
9052 
9061 
9067 
9070 
9072 
9082 
9083 
9084 
9087 
9088 
9097 
9101 
9116 
9137 
9153 
9156 
9160 
9173 
9174 
9181 
9191 
9201 
9209 
9213 
9217 
9219 
9221 
9223 
9238 
9241 
9243 
9245 
9265 
9268 
9270 
9286 
9297 
9300 
9305 
9306 
9308 
9311 
9320 
9323 
9345 
9347 
9372 
9376 
9381 
9390 
9409 
9414 
9415 
9416 
9417 
9418 
9419 
9466 
9467 
9479 
9486 
9492 
9515 
9517 
9520 
9529 
9534 
9545 
9586 
9591 
9601 
9617 
9618 
9620 
9628 
9651 
9673 
9681 
9689 
9690 
9703 
9707 
9728 
9737 
9812 
9863 
9865 
9903 
9916 
9937 
