10
       1       2.958930      7.444071    117.011276    117.187164    -41.852558    150.669220 1
       2     120.824287    100.076630     88.179802    125.557678   -698.937744    439.451874 1
       3       3.021979    117.334534     31.774273    100.446144    242.744843    267.856384 1
       4     118.654663     96.829346     75.035736    -66.964096   -179.966003    259.485870 1
       5     120.651619     90.940094     93.292679    719.864014   -272.041626  -2130.295166 1
       6       1.082350     83.683105    112.680038   -673.826233   -159.039719    133.928192 1
       7       7.390176    120.224236     67.528954    506.415985    339.005737     96.260887 1
       8     127.970390    104.673111     77.300560   -129.742935     50.223072    -58.593582 1
       9       3.323948     91.128777     41.048355    133.928192    175.780746    -37.667305 1
      10       4.307436     41.826561     63.360775    372.487793    200.892288   -267.856384 1
