50       
1 0.7 0.5 1.0 0.0 0.0 0.0 4
1 1.9 0.6 1.0 0.0 0.0 0.0 14
1 1.0 1.3 1.0 0.0 0.0 0.0 18
1 1.2 2.2 1.0 0.0 0.0 0.0 19
1 0.7 3.3 1.0 0.0 0.0 0.0 20
1 1.7 3.4 1.0 0.0 0.0 0.0 123
1 2.5 4.0 1.0 0.0 0.0 0.0 143
1 3.5 4.5 1.0 0.0 0.0 0.0 142
1 4.2 3.8 1.0 0.0 0.0 0.0 141
1 5.2 3.3 1.0 0.0 0.0 0.0 145
1 6.2 3.9 1.0 0.0 0.0 0.0 146
1 7.0 4.4 1.0 0.0 0.0 0.0 147
1 7.2 4.2 1.0 0.0 0.0 0.0 148
1 4.6 8.2 1.0 0.0 0.0 0.0 149
1 5.4 7.9 1.0 0.0 0.0 0.0 31
1 6.2 8.0 1.0 0.0 0.0 0.0 41
1 7.0 7.7 1.0 0.0 0.0 0.0 32
1 8.0 7.5 1.0 0.0 0.0 0.0 42
1 8.4 8.4 1.0 0.0 0.0 0.0 33
1 6.2 8.5 1.0 0.0 0.0 0.0 43
1 6.1 9.5 1.0 0.0 0.0 0.0 34
1 5.5 9.8 1.0 0.0 0.0 0.0 44
1 4.9 10.0 1.0 0.0 0.0 0.0 35
1 5.8 10.3 1.0 0.0 0.0 0.0 45
1 4.3 10.8 1.0 0.0 0.0 0.0 36
1 5.0 11.5 1.0 0.0 0.0 0.0 46
1 4.0 13.5 1.0 0.0 0.0 0.0 37
1 5.0 13.6 1.0 0.0 0.0 0.0 47
1 5.8 14.2 1.0 0.0 0.0 0.0 38
1 6.8 14.7 1.0 0.0 0.0 0.0 48
1 7.5 14.0 1.0 0.0 0.0 0.0 39
1 8.5 13.5 1.0 0.0 0.0 0.0 49
1 8.7 14.5 1.0 0.0 0.0 0.0 30
1 9.7 14.5 1.0 0.0 0.0 0.0 40
1 9.87 5.84 1.0 0.0 0.0 0.0 50
1 10.12 4.82 1.0 0.0 0.0 0.0 60
1 11.04 4.9 1.0 0.0 0.0 0.0 51
1 11.31 5.81 1.0 0.0 0.0 0.0 61
1 11.55 5.28 1.0 0.0 0.0 0.0 52
1 12.14 5.6 1.0 0.0 0.0 0.0 62
1 12.35 3.63 1.0 0.0 0.0 0.0 53
1 13.05 4.11 1.0 0.0 0.0 0.0 63
1 13.01 5.11 1.0 0.0 0.0 0.0 54
1 13.42 4.83 1.0 0.0 0.0 0.0 64
1 14.13 5.31 1.0 0.0 0.0 0.0 55
1 14.86 6.02 1.0 0.0 0.0 0.0 65
1 14.35 6.86 1.0 0.0 0.0 0.0 56
1 8.50 5.0 1.0 0.0 0.0 0.0 999
1 8.5 6.2 1.0 0.0 0.0 0.0 998
1 4.0 12.5 1.0 0.0 0.0 0.0 997
